525
572
535
928
951
203
203
489
848
860
719
891
880
707
180
538
964
277
869
413
799
793
74
426
136
388
370
209
996
160
879
657
290
106
683
32
959
440
706
722
522
542
55
665
570
632
508
755
757
346
401
527
623
812
462
731
931
120
17
682
753
160
684
540
242
823
204
920
657
101
841
632
824
583
523
262
603
89
216
783
354
33
340
499
912
891
679
173
355
655
223
399
826
736
541
53
808
379
679
116
421
958
512
290
154
427
220
125
4
773
362
932
636
671
351
182
882
254
658
648
139
404
434
434
437
643
243
214
773
698
171
600
73
819
609
615
489
201
2
426
83
484
358
943
981
156
859
166
909
605
128
693
630
455
639
865
555
449
173
532
1000
528
263
118
312
672
965
351
805
663
532
7
642
809
410
957
852
653
967
753
71
564
252
492
595
308
333
287
927
321
770
526
762
515
416
81
392
514
142
634
755
725
955
281
984
940
58
421
42
239
756
68
815
501
261
129
180
804
762
667
498
638
867
897
475
381
787
262
625
701
508
782
668
575
958
279
61
950
197
359
420
438
820
241
544
860
337
950
57
821
568
390
170
1000
54
689
626
655
689
289
880
154
353
482
878
598
159
733
297
507
625
615
397
664
781
572
926
913
369
108
547
994
136
372
673
408
908
339
257
680
149
455
401
390
40
563
496
982
707
343
610
844
990
607
842
246
545
728
587
578
537
143
760
479
409
50
778
686
757
706
776
678
771
275
151
431
385
528
671
135
99
107
82
786
33
64
1000
720
124
676
456
393
526
37
122
385
704
323
484
583
485
476
938
619
574
216
802
535
492
635
273
748
629
130
727
74
849
477
14
234
452
442
79
497
964
699
3
404
745
361
933
739
3
883
259
10
665
497
371
163
561
469
188
486
323
142
340
842
89
876
195
593
166
86
362
206
719
57
536
191
300
461
136
239
260
761
30
346
450
489
859
158
288
17
608
882
160
401
984
259
998
897
955
934
96
271
32
430
228
937
908
539
824
194
574
547
446
634
731
51
291
373
310
329
326
431
937
583
376
506
986
293
585
429
367
366
932
223
513
410
74
123
306
54
469
903
421
827
40
624
580
92
859
682
179
443
123
715
680
427
838
125
160
66
351
257
181
479
384
298
912
799
614
538
659
496
384
22
756
737
968
943
705
825
92
942
167
877
582
525
958
150
702
366
813
865
341
100
148
737
699
531
421
637
634
962
691
573
387
413
409
851
327
545
558
49
92
768
224
14
2
282
377
845
350
773
222
577
242
834
723
382
237
533
1
263
1
544
537
510
979
458
261
833
439
106
273
174
237
450
293
179
845
337
902
859
603
356
403
747
659
92
28
587
989
621
15
723
213
972
473
97
328
506
640
354
60
410
808
70
807
902
192
652
778
852
813
817
832
163
682
358
538
376
949
178
37
692
75
682
412
133
195
129
757
616
301
650
301
189
456
974
411
854
342
482
64
399
937
135
477
925
863
977
268
439
307
244
268
222
691
467
278
325
794
457
895
98
657
533
358
920
520
889
958
367
941
134
279
608
389
359
200
380
222
932
706
542
836
600
542
306
918
525
775
230
684
885
335
93
807
145
660
322
930
433
26
27
178
828
646
238
171
987
257
981
23
622
71
638
847
85
899
531
103
59
894
595
209
136
938
343
517
481
564
905
42
910
591
600
740
120
954
204
740
500
198
749
827
191
447
55
523
149
310
483
375
957
23
433
799
695
580
737
843
812
327
926
450
561
617
556
562
106
145
516
821
224
783
852
790
970
203
220
785
908
717
218
111
497
853
497
983
716
895
163
563
747
28
670
254
699
849
365
63
137
371
561
866
100
220
448
411
103
572
268
785
385
421
689
891
577
693
771
151
261
699
117
937
113
397
691
370
539
351
218
388
104
861
957
872
808
588
685
997
519
931
905
566
121
235
597
60
783
9
966
740
284
628
631
7
292
336
495
262
362
701
32
917
953
403
292
990
564
758
73
54
497
515
660
338
539
213
778
859
760
922
595
277
722
555
952
423
1000
646
543
372
185
27
993
199
289
526
788
735
101
543
88
985
769
273
6
447
603
730
750
241
509
77
767
274
548
649
513
972
201
958
752
32
154
127
516
224
106
821
377
838
956
367
701
662
367
839
447
294
51
361
145
258
343
145
998
478
484
432
817
954
837
755
758
110
226
792
382
672
726
846
687
215
597
758
814
303
85
258
102
637
551
107
873
81
237
39
107
555
911
351
157
502
736
529
734
822
198
812
400
165
910
137
386
126
853
951
956
382
710
195
230
377
554
944
196
404
542
270
454
522
453
447
37
911
612
888
853